1.5
0.0
0.0
0.5
-1.0
1.0
0.0
0.5
-0.5
-1.0
0.0
1.0
0.0
-2.0
-3.0
-2.0
-1.0
-1.0
-3.0
-3.5
-4.5
-5.0
-3.5
-2.0
0.0
1.0
0.5
0.5
-4.0
-2.0
0.5
-1.5
0.0
2.0
3.0
2.5
0.0
-0.5
-1.5
-1.0
-1.0
1.0
3.5
3.5
2.0
4.5
3.5
0.5
3.5
6.5
2.0
-1.0
1.5
2.0
4.5
6.5
5.5
8.0
8.5
2.0
5.5
6.0
6.5
5.0
3.0
3.5
7.0
8.0
10.0
12.5
7.0
8.0
9.0
9.5
11.5
11.0
12.5
12.0
9.0
9.5
10.5
6.0
2.0
8.5
9.5
10.0
10.0
13.5
10.0
11.0
13.5
14.5
18.5
16.5
14.0
17.5
17.0
13.0
13.5
15.0
14.5
17.0
14.5
18.5
22.5
20.0
19.5
16.5
14.5
16.5
15.5
20.0
17.5
17.5
13.5
17.5
20.5
22.5
25.5
21.0
21.5
23.0
22.0
20.0
16.0
20.5
22.5
23.0
22.0
22.5
22.5
23.5
22.0
21.0
21.5
24.5
26.5
28.0
29.0
27.5
24.5
15.5
16.5
25.0
23.5
24.0
27.5
29.0
22.5
20.5
25.5
24.0
18.5
22.0
25.0
22.0
17.0
24.0
27.5
29.0
23.5
24.5
22.5
22.5
28.5
30.5
30.5
30.0
28.5
25.0
27.5
25.5
21.5
21.0
22.0
24.5
27.5
28.0
29.5
29.5
30.0
30.0
30.0
29.5
25.0
27.0
24.5
27.0
29.5
29.5
29.0
31.0
31.5
30.5
29.0
28.5
29.5
29.5
28.0
28.5
28.0
25.5
26.0
25.5
26.0
26.0
21.5
26.5
26.0
26.0
25.5
27.0
27.5
26.5
29.5
30.5
27.5
29.0
30.0
28.5
26.5
28.0
27.0
26.5
25.5
26.5
26.5
25.0
25.5
25.5
25.5
26.5
28.0
26.0
27.0
26.5
25.5
24.0
17.5
22.5
21.0
23.0
23.0
23.0
23.0
24.0
24.0
24.0
24.5
25.0
26.0
25.0
23.0
22.5
24.0
24.5
24.5
22.5
23.0
22.5
24.0
22.0
20.5
23.0
21.0
22.0
23.5
23.5
18.0
16.5
16.5
18.0
21.0
19.5
13.0
15.0
16.0
16.0
17.5
16.0
15.5
12.0
8.5
11.0
10.0
13.5
11.0
12.5
12.5
13.5
12.0
13.5
15.5
14.0
10.0
10.5
13.0
12.0
12.5
14.0
10.5
6.5
8.5
10.0
11.5
10.0
6.5
8.5
9.5
9.5
11.0
9.5
9.0
5.0
5.0
5.5
6.0
2.0
3.0
3.5
1.0
-0.5
0.5
3.0
3.0
1.0
1.5
1.0
1.5
0.0
0.5
1.0
-2.5
-1.0
-0.5
1.0
0.0
-1.0
1.5
2.0
0.0
1.0
1.0
-0.5
-3.0
-4.5
-2.5
-2.0
-1.5
-4.0
0.5
0.0
0.0
1.0
0.5
2.5
1.5
0.0
0.5
-1.0
-0.5
0.0
-1.0
0.0
-0.5
-1.5
-1.5
-1.0
-1.5
-4.0
-1.5
-1.0
-1.0
-2.0
-3.0
-6.0
-5.5
-3.0
-2.0
0.5
-1.5
0.0
-0.5
-0.5
1.5
-1.5
-2.5
-6.5
-8.5
-7.5
-7.0
-6.5
-5.0
-5.0
-3.5
-0.5
-2.0
-1.0
-5.0
-4.5
-3.0
-5.0
-2.5
-3.5
-2.0
-2.5
-4.0
-4.0
-1.0
2.0
0.0
0.0
0.0
0.5
2.5
1.5
0.5
2.0
2.5
3.0
-1.5
1.5
5.5
3.5
3.5
2.5
4.5
7.5
4.0
2.0
1.5
2.0
1.5
4.0
5.5
5.0
9.0
11.0
10.5
5.5
4.5
1.0
7.0
8.5
4.0
6.0
10.5
12.0
13.5
16.0
17.0
19.0
17.0
13.0
12.5
16.5
18.0
18.5
8.5
4.0
5.5
7.5
7.0
11.5
13.5
16.0
16.5
14.5
9.0
12.0
15.0
18.0
18.5
20.5
19.5
21.5
14.0
14.0
14.0
16.5
18.0
19.0
18.0
22.0
23.0
19.0
18.5
19.0
17.0
21.5
20.0
21.0
20.0
20.0
22.5
22.0
19.0
22.0
23.5
28.0
26.0
25.5
22.0
22.5
22.0
20.0
21.0
20.0
22.0
24.0
25.5
23.5
25.0
23.0
23.5
25.5
27.0
28.5
28.0
26.0
28.0
31.5
30.5
27.5
28.5
20.0
22.0
24.0
25.5
23.0
25.0
26.0
25.5
25.0
26.0
26.5
28.0
29.0
25.5
30.0
30.5
29.0
30.5
31.5
29.5
31.5
30.0
29.0
27.5
28.0
30.5
30.0
28.5
26.0
26.0
26.5
25.5
28.5
23.5
24.5
26.5
27.5
28.5
27.0
24.5
28.5
27.5
30.0
30.0
29.0
28.5
26.0
29.5
29.5
27.5
28.5
29.0
29.5
31.0
31.5
31.5
31.0
31.5
30.0
25.0
27.0
27.0
27.0
29.0
27.0
27.0
27.0
26.5
28.0
26.0
26.5
25.5
25.5
27.0
27.5
24.5
26.0
26.0
26.5
26.5
26.0
26.0
26.0
24.0
24.0
23.5
23.0
25.5
24.0
25.5
22.5
21.5
21.0
22.0
23.5
22.5
23.5
24.5
23.5
20.0
19.5
21.5
21.0
21.0
21.5
19.5
18.5
18.0
17.0
18.0
19.0
17.0
17.5
15.5
16.0
18.5
17.0
18.0
18.5
19.0
14.0
14.0
15.0
9.5
10.5
11.5
14.0
14.0
15.0
14.0
12.0
11.5
11.5
12.0
12.5
11.5
12.0
11.5
13.5
12.0
8.5
11.0
11.0
9.0
8.5
10.0
10.0
9.5
11.0
6.5
6.0
6.0
7.0
8.0
8.5
6.5
7.5
8.0
9.0
8.0
5.5
3.0
3.5
4.0
4.0
4.5
3.0
2.5
3.5
3.5
3.5
5.0
3.0
2.5
1.5
2.5
3.5
5.0
2.5
-1.0
-2.0
-5.5
-7.5
-6.0
-5.5
-3.5
-5.5
-3.5
-2.0
-1.0
-2.0
1.5
1.5
2.5
1.5
1.0
3.5
1.0
-4.5
-3.0
-3.0
-6.5
-9.0
-7.5
-7.5
-6.5
-6.0
-4.5
-4.0
-2.5
-2.5
-4.0
-2.0
-2.5
-4.5
-3.5
-1.5
-0.5
0.0
-0.5
-1.0
-6.0
-3.0
-1.0
0.0
-0.5
-1.0
2.5
3.5
3.0
0.0
-0.5
0.0
1.0
1.0
1.0
-2.0
-3.0
0.5
0.0
0.0
-1.0
-2.0
-3.5
-6.5
-4.0
-4.0
-4.5
-1.5
-5.0
-2.5
-4.5
-2.5
-1.5
1.0
0.5
1.5
2.5
4.0
4.0
5.0
6.0
4.5
4.0
5.0
6.5
8.0
9.0
7.5
9.0
10.5
4.5
6.0
8.5
7.0
7.5
8.5
6.5
9.0
10.0
7.0
10.5
12.0
13.5
18.5
13.0
6.5
9.0
7.0
11.5
13.5
11.5
12.5
6.5
8.5
6.0
9.0
10.0
11.0
14.5
18.5
14.5
12.5
13.0
11.0
6.0
13.5
12.5
15.5
15.0
15.5
19.0
19.5
22.0
16.5
15.0
11.5
15.0
20.0
21.0
14.0
13.0
15.0
10.5
13.5
18.0
18.0
19.0
21.5
22.0
22.0
16.5
17.5
21.0
19.0
22.0
22.0
21.5
18.0
19.0
22.5
22.0
25.5
25.5
22.5
20.0
19.5
23.0
26.0
29.0
28.0
28.5
21.5
21.5
24.0
27.5
22.5
25.0
23.5
26.0
26.5
23.0
25.0
22.0
26.0
26.5
24.5
25.5
26.0
27.5
24.5
27.5
25.5
20.5
24.5
27.5
26.5
29.0
26.5
28.0
29.0
30.0
30.5
29.0
28.0
27.0
29.0
27.0
28.5
29.0
30.0
31.5
26.0
24.0
24.0
26.0
24.5
23.5
25.5
28.0
28.5
28.0
29.5
28.0
26.0
27.5
28.5
27.5
31.5
30.0
30.0
31.5
31.0
31.0
31.5
30.5
26.0
29.0
29.5
28.0
27.0
27.5
26.0
26.0
27.5
26.5
28.5
27.0
26.0
25.5
26.5
27.0
26.5
27.0
26.5
25.5
26.5
26.5
23.5
26.0
26.0
24.5
24.5
25.0
23.5
26.5
25.5
25.0
24.5
25.0
26.0
26.5
26.5
25.5
26.5
26.5
27.5
28.5
26.5
21.0
21.5
22.0
22.5
23.0
22.5
21.5
21.5
19.5
20.5
21.5
21.5
21.5
23.5
23.0
23.0
22.5
22.5
23.5
23.5
24.5
24.0
23.0
21.0
11.5
13.5
14.0
17.0
14.5
17.0
16.5
15.5
13.5
9.0
9.0
11.5
12.0
10.5
12.5
15.0
14.5
13.0
13.5
15.5
11.5
7.5
9.5
11.5
8.5
9.0
13.0
14.0
12.5
11.0
9.0
10.5
11.5
10.5
6.5
8.5
10.5
11.0
11.0
12.0
2.5
4.0
5.0
6.5
3.5
-0.5
1.0
2.5
3.5
6.0
8.5
0.0
-1.0
0.0
-1.0
-1.0
-1.0
0.0
-0.5
0.0
2.0
2.5
-1.5
-0.5
0.0
-2.0
-1.0
2.0
-0.5
0.0
2.5
1.0
0.5
-0.5
-1.0
-2.0
-3.5
-2.5
-2.0
0.0
-1.0
-2.5
-0.5
-1.5
-1.0
-1.0
-1.0
-8.0
-6.5
-4.0
-2.5
0.5
1.5
-0.5
0.5
-1.0
-1.0
-0.5
1.0
-3.0
-1.5
-2.5
-4.0
-2.0
-2.5
-2.0
-0.5
1.0
-1.0
-0.5
0.5
1.0
-1.5
0.0
0.0
0.0
0.5
0.5
0.0
1.0
1.0
-2.0
-1.5
-3.5
-4.0
-4.5
-2.0
-0.5
2.5
2.5
4.0
4.5
4.0
-3.5
-3.5
-0.5
1.0
3.0
2.5
1.5
4.0
3.5
5.5
6.5
3.5
3.5
1.0
4.0
2.5
4.0
5.0
2.5
2.5
4.0
5.5
7.5
7.5
5.0
4.0
7.5
6.0
4.0
9.0
8.5
9.0
11.5
14.0
10.5
15.5
10.5
14.5
14.5
11.0
13.5
7.0
6.5
8.0
11.5
12.5
13.5
9.0
13.5
16.5
11.0
12.5
16.0
11.5
12.0
8.0
11.0
16.0
15.0
18.0
18.5
18.5
16.0
15.0
17.0
16.5
10.5
9.5
11.0
13.0
19.5
15.5
15.0
17.5
22.5
23.0
25.0
28.0
26.5
20.5
15.0
19.5
20.0
16.5
13.5
16.5
19.5
20.5
20.0
24.0
22.5
20.5
19.5
18.5
21.0
21.5
22.5
19.0
23.5
21.5
23.0
19.0
21.5
22.5
24.5
27.0
24.0
22.5
23.0
26.5
26.5
23.5
23.5
25.0
30.5
32.0
26.0
28.5
26.0
28.5
28.5
28.5
29.5
29.5
26.0
27.5
29.0
29.5
30.0
29.0
27.5
26.5
23.5
24.0
26.5
26.5
26.0
27.0
27.5
24.0
23.0
25.5
25.5
26.0
26.0
26.0
27.0
27.5
23.0
25.0
24.5
24.5
25.5
26.5
27.0
29.0
27.5
26.0
26.5
29.5
28.0
28.0
28.0
30.5
30.5
25.0
23.0
26.0
27.5
29.0
28.5
28.5
27.5
29.5
31.0
28.5
27.5
27.0
27.5
27.5
26.5
29.0
25.5
27.0
28.0
26.5
25.0
25.5
26.0
25.0
25.0
25.5
23.5
24.5
26.5
27.0
25.5
25.0
26.0
26.5
26.0
23.0
26.0
24.0
22.5
23.0
24.5
25.0
25.5
24.5
24.0
21.5
22.5
22.0
23.0
21.5
20.5
20.0
19.5
19.0
21.0
20.0
20.5
20.5
18.0
18.5
19.0
20.0
20.0
20.0
13.5
16.5
17.5
15.0
15.5
13.5
12.5
15.0
15.0
15.5
16.0
17.0
13.0
12.0
13.0
10.0
13.0
12.0
14.0
13.0
14.0
13.0
9.5
9.5
9.5
12.5
13.5
14.5
10.5
11.0
10.0
12.5
13.0
10.5
7.5
6.5
8.0
10.0
11.0
10.5
7.0
9.0
9.0
10.0
11.0
9.0
9.0
10.5
10.0
10.5
7.0
3.5
3.5
0.0
-0.5
2.0
2.0
2.0
0.0
1.0
0.0
0.5
-0.5
0.0
-0.5
0.0
0.0
-1.0
-0.5
1.5
-2.5
-2.0
-0.5
1.0
-0.5
0.0
-5.0
-5.0
-4.0
-3.0
-1.0
-4.5
-2.5
-1.5
-1.5
-0.5
0.5
-1.5
-1.0
-0.5
0.5
-4.5
-9.5
-9.5
-5.5
-5.5
-4.0
-5.0
-6.0
-6.5
-14.5
-10.5
-6.5
-3.0
-2.5
-3.0
-1.0
1.0
0.0
-2.0
-4.0
-1.5
-1.0
-4.5
-1.5
0.5
-1.0
-1.0
0.0
-1.5
0.5
-1.0
-4.0
-3.0
0.0
-0.5
-3.0
-4.0
0.5
1.5
5.0
5.5
0.0
1.0
2.5
5.5
6.0
7.0
4.5
0.0
1.0
-2.5
-1.5
1.5
6.5
9.0
10.5
5.5
0.0
1.5
3.5
4.0
7.0
3.0
0.0
2.0
4.0
6.5
3.0
0.0
3.0
5.5
9.0
11.0
10.5
9.0
12.0
11.0
8.5
8.5
8.5
6.0
8.0
9.0
6.5
11.0
14.5
14.0
16.5
12.0
15.0
13.5
12.0
15.0
17.0
14.5
14.0
12.0
13.5
13.5
15.5
12.5
14.0
12.0
15.5
16.0
14.0
11.0
16.0
15.5
14.0
12.5
17.0
21.5
19.5
16.0
13.5
17.0
17.5
15.0
14.0
17.0
17.0
15.0
11.5
15.0
17.5
18.5
17.0
21.0
21.0
21.0
19.0
19.5
18.5
18.5
20.5
20.0
22.0
17.5
18.5
23.5
25.5
25.0
21.5
25.0
25.0
20.0
18.5
21.5
21.0
22.5
22.0
21.0
21.0
20.5
22.5
22.0
23.0
23.0
23.0
23.0
25.5
26.5
23.5
25.5
23.0
24.0
27.0
29.5
29.0
26.5
26.5
23.0
25.5
26.5
27.5
28.5
28.0
26.5
27.0
23.0
25.0
27.0
28.5
28.5
25.5
27.5
26.0
25.0
24.5
25.5
26.5
26.0
28.0
27.5
28.0
28.0
27.0
24.5
28.0
28.5
27.5
27.0
25.0
25.0
26.0
26.5
25.5
26.5
27.0
27.5
29.0
28.5
26.0
26.5
25.0
25.0
28.5
27.5
27.0
27.0
27.5
26.5
27.0
28.5
27.5
26.5
27.5
26.5
26.0
25.0
25.0
25.5
25.5
24.5
25.5
23.5
25.0
27.0
27.0
24.0
24.0
23.5
24.0
23.5
23.0
24.5
24.5
23.5
24.5
25.0
26.0
23.0
23.5
19.0
22.0
23.5
22.5
24.0
25.5
23.5
24.5
22.0
22.5
19.5
21.5
21.5
18.0
18.5
20.5
21.5
21.5
19.5
20.0
20.5
22.0
21.0
21.5
19.0
18.5
20.0
19.0
15.5
14.5
10.5
12.5
15.5
14.5
12.0
11.5
13.5
14.5
15.5
12.5
6.5
8.0
10.0
7.0
8.5
10.5
10.0
10.5
11.0
12.5
12.5
12.5
11.5
11.5
14.0
9.5
10.0
9.0
10.5
12.5
12.0
6.0
-1.5
1.5
5.0
8.5
5.0
7.5
9.0
9.5
5.5
6.5
6.5
8.0
6.0
5.0
3.0
-0.5
1.5
4.0
4.5
4.5
4.0
6.0
2.0
0.5
1.5
5.5
5.5
5.0
4.0
4.5
3.5
3.5
3.0
4.0
4.5
-1.0
-1.0
1.5
0.5
1.0
-4.0
-1.0
2.0
4.0
2.0
1.0
-2.5
-6.5
-7.5
-4.0
-1.0
0.5
-1.0
-0.5
-1.0
